config = {
    "population_size":50,
    "generation_size":120,
    "chr_rep_min":20,
    "chr_rep_max":500
}

state = {
    "gen_bucket":[],
    "pp_gen_bucket":[],
    "global_best":{}
}

data = {
    "province":{
        "A":"กรุงเทพ",
        "B":"นนทบุรี",
        "C":"ปทุมธานี",
        "D":"สุพรรณบุรี",
        "E":"สมุทรปราการ",
        "F":"ฉะเชิงเทรา",
        "G":"ชลบุรี",
        "H":"ระยอง",
        "I":"จันทบุรี",
        "J":"ตราด",
        "K":"ปราจีนบุรี",
        "L":"นครนายก",
        "M":"สระบุรี",
        "N":"นครราชสีมา",
        "O":"สระแก้ว"
    },
    "map":[
        ["","A","B","C","D","E","F","G","H","I","J","K","L","M","N","O"],
        ["A",0,20,46,100,29,82,81,179,245,315,135,108,107,259,237],
        ["B",20,0,26,89,42,76,95,192,256,328,151,100,101,256,249],
        ["C",46,26,0,80,66,89,109,207,272,342,127,101,101,256,225],
        ["D",100,89,80,0,127,167,180,277,343,413,188,160,102,257,286],
        ["E",29,42,66,127,0,71,64,162,228,295,147,137,137,293,245],
        ["F",82,76,89,167,71,0,43,140,249,319,76,100,150,237,174],
        ["G",81,95,109,180,64,43,0,98,164,234,119,143,201,280,217],
        ["H",179,192,207,277,162,140,98,0,110,179,186,214,272,345,258],
        ["I",245,256,272,343,228,249,164,110,0,70,245,255,313,332,148],
        ["J",315,328,342,413,295,319,234,179,70,0,309,322,380,399,218],
        ["K",135,151,127,188,147,76,119,186,245,309,0,29,86,194,98],
        ["L",108,100,101,160,137,100,143,214,255,322,29,0,58,213,127],
        ["M",107,101,101,102,137,150,201,272,313,380,86,58,0,152,184],
        ["N",259,256,256,257,293,237,280,345,332,399,194,213,152,0,174],
        ["O",237,249,225,286,245,174,217,258,148,218,98,127,184,174,0],
    ]
}